triangle;-0.5,-0.5,-0.5;-0.5,0.5,-0.5;0.5,-0.5,-0.5;metal;0.8,0.8,0.8;1.0
triangle;0.5,-0.5,-0.5;-0.5,0.5,-0.5;0.5,0.5,-0.5;metal;0.8,0.8,0.8;1.0
triangle;-0.5,0.5,-0.5;-0.5,0.5,-1.5;0.5,0.5,-0.5;metal;0.8,0.8,0.8;1.0
triangle;0.5,0.5,-0.5;-0.5,0.5,-1.5;0.5,0.5,-1.5;metal;0.8,0.8,0.8;1.0
triangle;-0.5,-0.5,-1.5;-0.5,0.5,-1.5;-0.5,-0.5,-0.5;metal;0.8,0.8,0.8;1.0
triangle;-0.5,-0.5,-0.5;-0.5,0.5,-1.5;-0.5,0.5,-0.5;metal;0.8,0.8,0.8;1.0
triangle;0.5,-0.5,-0.5;0.5,0.5,-0.5;0.5,-0.5,-1.5;metal;0.8,0.8,0.8;1.0
triangle;0.5,-0.5,-1.5;0.5,0.5,-0.5;0.5,0.5,-1.5;metal;0.8,0.8,0.8;1.0
triangle;0.5,-0.5,-1.5;0.5,0.5,-1.5;-0.5,-0.5,-1.5;metal;0.8,0.8,0.8;1.0
triangle;-0.5,-0.5,-1.5;0.5,0.5,-1.5;-0.5,0.5,-1.5;metal;0.8,0.8,0.8;1.0
sphere;1.0,0.0,-1.0;0.5;diffuse;0.1,0.2,0.5
sphere;-1.0,0.0,-1.0;0.5;dielectric;1.0,0.7,0.7;1.5
sphere;-1.0,0.0,-1.0;-0.45;dielectric;1.0,0.7,0.7;1.5
sphere;0.0,-100.5,-1.0;100.0;diffuse;0.8,0.8,0.0
sphere;0.0,0.0,-0.25;0.25;dielectric;0.8,0.8,0.8;1.5